# mean_1:2000.68085106, stddev_1: 786.202618743mean_2:3.17021276596, stddev_2: 0.752842809062mean_y:340412.659574, stddev_y: 123702.536006
4.808902254241229079e-01
-8.498337959656436513e-02
2.310974483507052257e-01
-8.763980357612112249e-01
1.612637435465497315e+00
-3.275006388911446131e-01
-2.062420092438544961e-01
-1.143175104893892735e+00
-1.038076208624264751e+00
-7.915169950081081263e-01
-8.117348505246330115e-01
5.325145820134637858e-02
-8.418307264089225361e-02
2.906062818369925527e+00
-6.508569846172516105e-01
8.850856575817566130e-01
-3.275006388911446131e-01
-1.135891503206412079e+00
1.290073312786419457e+00
2.090396436275820502e+00
-7.074443451193203058e-01
-6.904681369686996861e-01
-7.882834315508471246e-01
-6.508569846172516105e-01
1.887490329332688344e+00
-7.316960710487783182e-01
1.003110723771785784e+00
1.039488312665972636e+00
1.087991764524888882e+00
-3.275006388911446131e-01
7.669479326648913353e-02
-1.378408762500992424e+00
-2.062420092438544961e-01
1.935993781191604368e+00
-4.406753598952820594e-01
-7.316960710487783182e-01
-8.933742439118318446e-01
3.708364091504103011e-02
1.686201004118186741e+00
-4.317830603878141105e-01
2.270554940291288903e-01
-8.498337959656436513e-02
-2.135175270226918887e-01
-3.347761566699820057e-01
-1.297569676069465716e+00
-3.275006388911446131e-01
-8.157687209375661386e-01
